127.99,636.52
584.38,602.62
534.25,82.89
600.51,275.35
712.37,391.82
468.92,126.87
684.25,97.79
756.29,296.12
794.21,633.20
545.49,462.20
243.36,214.82
222.58,100.51
683.05,54.75
394.35,435.86
527.28,604.43
720.85,466.45
771.27,353.92
542.09,354.14
499.08,231.95
755.98,283.59
748.36,293.68
463.94,449.45
438.63,290.17
110.76,299.63
347.83,467.19
132.44,418.39
826.01,241.26
608.52,506.80
311.35,127.16
373.54,603.97
92.11,195.80
543.90,622.53
649.62,189.49
418.90,236.53
478.58,256.16
610.15,295.21
649.79,180.57
109.55,191.31
544.32,140.23
571.25,644.11
726.57,502.76
533.33,539.44
108.70,231.39
511.65,290.04
394.74,638.89
308.69,340.14
229.58,614.44
400.23,634.41
188.57,589.35
277.91,475.36
