176.38,648.92
418.64,389.65
108.51,285.36
344.49,111.12
494.09,429.53
413.17,604.74
442.02,472.67
847.64,283.14
603.95,537.62
220.46,109.63
669.00,57.41
665.30,577.54
429.89,170.82
552.67,179.01
259.66,637.31
828.61,302.03
831.64,310.43
838.91,80.11
711.06,262.55
171.64,278.86
839.43,413.61
294.80,336.09
298.37,231.83
742.31,51.74
142.61,97.08
131.83,583.71
122.64,572.85
664.99,389.40
108.23,288.24
674.55,250.92
350.74,502.37
653.93,261.78
200.40,494.62
372.52,58.59
126.23,383.12
366.61,99.24
178.98,471.05
497.11,333.01
53.85,304.56
429.67,122.34
452.18,396.13
58.06,406.12
408.64,517.29
177.35,362.66
190.71,613.93
734.77,381.08
605.06,416.52
773.82,579.10
331.53,234.75
766.92,318.32
740.51,225.15
473.41,64.61
844.94,102.89
446.84,649.09
459.93,632.38
145.24,59.08
488.02,127.47
536.93,647.50
776.35,510.71
463.54,100.29
616.19,273.73
558.50,290.93
837.00,374.24
276.71,251.40
728.65,157.73
676.29,476.87
427.16,237.27
638.65,329.07
370.22,189.11
420.88,597.61
211.99,399.59
792.25,500.01
619.42,371.89
646.67,421.82
293.47,207.66
