385.98,517.50
134.66,60.67
356.21,408.20
543.99,322.57
541.06,154.80
696.07,62.93
131.82,276.50
129.35,639.34
781.91,399.90
201.05,312.22
190.93,329.74
636.25,106.37
440.81,329.52
778.17,70.31
142.59,161.15
410.82,371.43
821.54,384.11
492.79,258.31
173.08,152.58
691.17,510.61
326.51,415.43
681.38,318.74
839.24,583.05
394.11,590.86
427.26,421.36
320.78,438.65
118.14,92.78
643.36,394.21
479.72,441.15
536.03,441.73
719.73,85.14
200.88,530.95
542.33,495.25
169.01,511.56
780.45,620.13
479.56,205.22
497.41,245.71
615.28,377.49
221.67,132.04
407.80,461.70
654.54,521.44
317.13,554.51
735.62,95.36
381.63,286.50
632.02,63.24
87.65,388.81
114.52,191.39
343.01,467.64
832.19,359.02
422.27,584.48
422.20,51.37
169.59,64.71
312.77,563.65
506.26,375.83
844.26,60.54
233.37,499.10
692.64,387.87
521.47,446.19
560.98,52.33
93.59,269.75
70.76,110.93
794.75,113.96
319.76,228.32
692.12,238.96
699.78,210.79
214.58,216.49
266.22,263.13
291.59,409.24
219.04,573.39
163.43,172.47
761.90,272.60
812.09,465.91
797.30,375.17
332.79,393.71
486.67,294.79
801.28,393.07
457.62,572.02
592.70,558.03
183.79,338.62
179.32,637.68
649.22,270.43
255.55,61.58
628.07,385.36
544.43,610.34
394.99,505.89
160.41,242.67
154.65,104.38
61.44,88.96
556.07,270.67
560.23,157.05
670.61,396.14
650.16,221.17
407.54,307.15
155.61,418.50
777.69,226.20
524.91,445.18
578.83,560.35
592.35,280.18
377.61,227.59
304.02,554.45
94.64,323.32
179.50,161.97
486.93,155.70
251.24,157.25
485.16,583.61
335.74,241.83
422.99,114.43
534.01,597.90
478.77,492.21
471.87,317.35
74.55,122.58
133.38,465.03
827.24,519.30
110.28,278.63
112.51,285.73
227.44,130.36
728.73,280.20
306.44,286.75
497.87,393.26
508.67,112.28
419.16,608.31
388.81,606.61
80.32,67.12
722.68,394.32
662.44,270.91
65.56,527.74
441.33,124.21
440.36,326.42
774.68,387.99
723.40,640.39
814.95,88.13
144.34,532.76
407.78,313.08
209.35,54.24
58.45,513.52
138.69,333.21
612.44,370.63
369.76,494.57
500.32,194.33
301.86,247.07
536.99,250.57
149.75,108.74
416.37,417.58
496.88,268.28
190.76,290.21
328.23,129.28
421.13,329.42
799.39,596.68
773.34,131.56
784.56,598.84
776.77,67.44
359.40,416.90
500.75,521.86
331.97,125.81
71.59,450.37
413.84,431.43
51.25,397.69
636.89,325.71
203.69,225.33
708.65,270.84
604.05,152.66
450.16,143.88
559.44,312.16
104.09,374.58
508.29,641.49
414.57,338.79
61.91,555.47
124.26,396.99
553.11,317.17
613.73,443.53
140.06,145.67
283.28,118.48
641.15,65.13
508.92,608.63
303.94,288.18
289.29,55.99
504.45,529.59
183.17,172.92
239.00,190.44
646.68,535.47
225.91,170.93
282.36,190.86
85.21,279.97
700.48,453.74
712.85,360.66
313.02,614.69
591.77,422.22
94.22,299.69
566.47,427.36
327.76,627.81
70.71,437.79
828.40,406.38
406.51,133.68
689.07,459.14
348.83,376.81
442.81,406.06
646.99,518.88
712.56,524.14
181.79,434.78
420.51,645.98
